100
210 622
65 484
472 493
1 221
330 900
121 221
4 4
484 485
736 896
1 2
104 452
384 485
1 742
78 954
706 885
3 485
1 1
65 302
483 584
483 742
21 221
120 221
414 552
303 584
121 122
4 6
1 109
139 797
890 965
697 964
1 6
246 921
154 191
4 484
6 393
639 814
121 484
484 742
4 65
92 921
544 995
3 5
8 122
1 9
155 543
4 9
121 584
158 160
4 109
369 739
1 122
10 120
408 641
1 1000
120 742
3 6
1 104
241 509
122 483
36 1000
348 802
3 122
120 121
9 121
120 485
79 793
484 484
3 104
9 65
8 302
122 1000
7 221
272 723
264 569
9 742
1 584
384 484
3 9
7 109
500 838
3 10
121 742
1 5
546 726
388 555
1 65
1 101
1 485
8 221
356 535
94 958
21 122
484 861
3 4
118 815
3 109
3 302
1 10
100 1000
1 4
